2001|1
2001|2
2001|3
2001|4
2001|5
2001|6
2001|7
2001|8
2001|9
2001|10
2001|11
2001|12
2001|1
2001|2
2001|3
2001|4
2001|5
2001|6
2001|7
2001|8
2001|9
2001|10
2001|11
2001|12
2001|1
2001|2
2001|3
2001|4
2001|5
2001|6
2001|7
2001|8
2001|9
2001|10
2001|11
2001|12
2001|1
2001|2
2001|3
2001|4
2001|5
2001|6
2001|7
2001|8
2001|9
2001|10
2001|11
2001|12
2001|1
2001|2
2001|3
2001|4
2001|5
2001|6
2001|7
2001|8
2001|9
2001|10
2001|11
2001|12
2001|1
2001|2
2001|3
2001|4
2001|5
2001|6
2001|7
2001|8
2001|9
2001|10
2001|11
2001|12
2001|1
2001|2
2001|3
2001|4
2001|5
2001|6
2001|7
2001|8
2001|9
2001|10
2001|11
2001|12
2001|1
2001|2
2001|3
2001|4
2001|5
2001|6
2001|7
2001|8
2001|9
2001|10
2001|11
2001|12
2001|1
2001|2
2001|3
2001|4
