2001|1|Warehouse#1|10000|10050
2002|2|Warehouse#2|10010|10060
2001|3|Warehouse#3|10020|10070
2002|4|Warehouse#4|10030|10080
2001|5|Warehouse#1|10040|10090
2002|6|Warehouse#2|10050|10100
2001|7|Warehouse#3|10060|10110
2002|8|Warehouse#4|10070|10120
2001|9|Warehouse#1|10080|10130
2002|10|Warehouse#2|10090|10140
2001|11|Warehouse#3|10100|10150
2002|12|Warehouse#4|10110|10160
2001|1|Warehouse#1|10120|10170
2002|2|Warehouse#2|10130|10180
2001|3|Warehouse#3|10140|10190
2002|4|Warehouse#4|10150|10200
2001|5|Warehouse#1|10160|10210
2002|6|Warehouse#2|10170|10220
2001|7|Warehouse#3|10180|10230
2002|8|Warehouse#4|10190|10240
2001|9|Warehouse#1|10200|10250
2002|10|Warehouse#2|10210|10260
2001|11|Warehouse#3|10220|10270
2002|12|Warehouse#4|10230|10280
2001|1|Warehouse#1|10240|10290
2002|2|Warehouse#2|10250|10300
2001|3|Warehouse#3|10260|10310
2002|4|Warehouse#4|10270|10320
2001|5|Warehouse#1|10280|10330
2002|6|Warehouse#2|10290|10340
2001|7|Warehouse#3|10300|10350
2002|8|Warehouse#4|10310|10360
2001|9|Warehouse#1|10320|10370
2002|10|Warehouse#2|10330|10380
2001|11|Warehouse#3|10340|10390
2002|12|Warehouse#4|10350|10400
2001|1|Warehouse#1|10360|10410
2002|2|Warehouse#2|10370|10420
2001|3|Warehouse#3|10380|10430
2002|4|Warehouse#4|10390|10440
2001|5|Warehouse#1|10400|10450
2002|6|Warehouse#2|10410|10460
2001|7|Warehouse#3|10420|10470
2002|8|Warehouse#4|10430|10480
2001|9|Warehouse#1|10440|10490
2002|10|Warehouse#2|10450|10500
2001|11|Warehouse#3|10460|10510
2002|12|Warehouse#4|10470|10520
2001|1|Warehouse#1|10480|10530
2002|2|Warehouse#2|10490|10540
2001|3|Warehouse#3|10500|10550
2002|4|Warehouse#4|10510|10560
2001|5|Warehouse#1|10520|10570
2002|6|Warehouse#2|10530|10580
2001|7|Warehouse#3|10540|10590
2002|8|Warehouse#4|10550|10600
2001|9|Warehouse#1|10560|10610
2002|10|Warehouse#2|10570|10620
2001|11|Warehouse#3|10580|10630
2002|12|Warehouse#4|10590|10640
2001|1|Warehouse#1|10600|10650
2002|2|Warehouse#2|10610|10660
2001|3|Warehouse#3|10620|10670
2002|4|Warehouse#4|10630|10680
2001|5|Warehouse#1|10640|10690
2002|6|Warehouse#2|10650|10700
2001|7|Warehouse#3|10660|10710
2002|8|Warehouse#4|10670|10720
2001|9|Warehouse#1|10680|10730
2002|10|Warehouse#2|10690|10740
2001|11|Warehouse#3|10700|10750
2002|12|Warehouse#4|10710|10760
2001|1|Warehouse#1|10720|10770
2002|2|Warehouse#2|10730|10780
2001|3|Warehouse#3|10740|10790
2002|4|Warehouse#4|10750|10800
2001|5|Warehouse#1|10760|10810
2002|6|Warehouse#2|10770|10820
2001|7|Warehouse#3|10780|10830
2002|8|Warehouse#4|10790|10840
2001|9|Warehouse#1|10800|10850
2002|10|Warehouse#2|10810|10860
2001|11|Warehouse#3|10820|10870
2002|12|Warehouse#4|10830|10880
2001|1|Warehouse#1|10840|10890
2002|2|Warehouse#2|10850|10900
2001|3|Warehouse#3|10860|10910
2002|4|Warehouse#4|10870|10920
2001|5|Warehouse#1|10880|10930
2002|6|Warehouse#2|10890|10940
2001|7|Warehouse#3|10900|10950
2002|8|Warehouse#4|10910|10960
2001|9|Warehouse#1|10920|10970
2002|10|Warehouse#2|10930|10980
2001|11|Warehouse#3|10940|10990
2002|12|Warehouse#4|10950|11000
2001|1|Warehouse#1|10960|11010
2002|2|Warehouse#2|10970|11020
2001|3|Warehouse#3|10980|11030
2002|4|Warehouse#4|10990|11040
